# Created by Octave 4.0.3, Wed Sep 27 17:20:35 2017 EDT <cj@Asteria>
# name: mean_run_times
# type: matrix
# rows: 4
# columns: 1
 0.006390100000000004
 0.06904760000000006
 0.6324234
 6.397397999999998


